V3 clean-speech gain probe
==========================

Checkpoint: C:\Users\Suhaan\Documents\handoff_repo\ml\checkpoints_full_v3\best_tiny_enhancer.pth
Input audio: dataset\generated_v3\audio\test_0024992_clean.wav
Epoch: 38
Model features: 89
Model bands: 22
G_MIN: 0.1

level_dBFS mean_gain p10_gain p50_gain p90_gain min_gain max_gain input_dBFS output_dBFS rms_change_dB
     -50 0.945944 0.856814 0.978089 0.999754 0.119871 0.999995 -50.00 -50.13 -0.13
     -45 0.951673 0.868468 0.984981 0.999785 0.122068 0.999995 -45.00 -45.23 -0.23
     -40 0.961729 0.892461 0.992420 0.999858 0.159389 0.999996 -40.00 -40.30 -0.30
     -35 0.982496 0.946602 0.997648 0.999936 0.495736 0.999997 -35.00 -35.14 -0.14
     -30 0.995253 0.992007 0.999654 0.999978 0.797889 0.999998 -30.00 -30.00 -0.00
     -25 0.997178 0.996530 0.999871 0.999988 0.818579 0.999998 -25.00 -25.00 -0.00
     -20 0.997890 0.997290 0.999895 0.999990 0.817126 0.999999 -20.00 -20.00 -0.00
     -15 0.997698 0.996148 0.999877 0.999990 0.774000 0.999999 -15.00 -15.00 -0.00
